8462
6981
3714
44x9
8186
3614
2218
7558
67x2

2947
4727
6396
5718
2361
197x
1583
2816
2995
6914
4313
14x1

1643
7815
2162
8841
7671

574x
5471
4838
2281
2784
4587
1497
2x74
1161
4388
2233
4795
2x11
5438

14x64
9646
2537

2x64
2833
1164
14379

6xx8
4327
47x9
5412
2745
568x
5322
4375
4x64
4822
6523
6824
6822

121xx
24791
18239

97x4
8218
9949
3x78
94x7
3732
4281
6727

9833
2549
5x42
7x53
6116
9624
5393
8359

4195
7869
15434
6997
5776

2487
7843
2739
5227
4x88
6281
7x78
4291
5461
4838
7936

5449
5754
4685
7642
7244
4912

4x2x
18761
1771x
8736

62x4
1295
3812
5x78
4627
3818
4351
52x2
2542
2728
3x36
5x26
5146
5771

88x9
5364
22x76

3846
2867
1x26x
3321
7715
767x
1326
548x

2613
1442
3771
1692
6131
3945
4591
5165
1648
6x84
4952
4295
439x
3935

44x3
6299
43x7
5329
4235
4779
4498
6871
5739
41x2
6815
1975
4x56

3875
265x
5888
16x5
3972
4781
5694
415x
5765
3919
426x
6339
5614
4597

1829
4292
4756
4348
3x51
2662
4x18
1498
3391
1776
1919
3141
3938

17338
1xx81
22228

1x554
2454
2879
36x5
3717
5477
4826
3133

2221
1431
3235
3371
1364
2137
1774
2x15
5115
3331
3588
3264
24x1

577x
34x8
1153
61x6
3261
28x1
338x
1377
2126
5516
4x87
2353
1x39
19x9
5374

15655
12356
7421
12x94
1776

16x8x
7634
4329

94x9
1x153
1x744
2145
5796
1586
3622
3635

1314
5713
5566
6397
2x33
1x83
7x96
6595
6652
4872
4444

9731
12x16
1x148
7358
1xx25
7471
1346

1189
2777
4153
1415
9311
6324
41x8
71x4
8467

9326
3339
5x48
8225
1647
364x
2922

311x
15978
17916

45x2
41x6
5683
8x61
65x7
3591
456x
462x
7x36
5762
147x

7613
12487
1257
1x687
4374

14169
117x

231x
1x184
6759
12955
3895
6388

19637
11418
4728
1x935

8856
9x67
7661
3795
3895
7974
234x
3395
1442

4258
3584
1935
2919
387x
1x78
4163
5192
3363
2386
5897
2922
1619
4872
19x3

8638
8492
1883
1x979
2715
3274
7286

1x67x
13x42
13137

3729
1312
1981
2754
4417
1466
7675
229x
5x74
5666

13836
1263
24451

639x
8913
12614
6468
2541
13763

4673
7245
9128
4712
3838
4596
662x
5459
635x

4454
5111
3862
1374
2x91
2522
6196
2x52
1399
6151
1987
3678

7427
6633
1447
1854
66x1
3459
4633
1339
2955
3929
1x57
191x

1896
2326
2173
1x62
5249
373x
4479
6377
2833
41x6
4126
4492
2132
4484

3465
5345
2295
5946
2465
5684
5573
4449
5983
4863
3678
6xx7
1249
1563
527x

3334
1612
321x
1215
4474
2893
4987
2355
3912
5x19
4544
1446
3x76
4833
4889

8299
3x42
5715
8442
1x294
3697
2x71
1482

2461
6281
3382
1175
7x48
2x5x
147x
5249
7622
695x
4962

8573
6266
12922
11159
1493

632x
4365
7883

177x8
18169
1178x

8x23
787x
4647
6x59
1x94
1888
8696
2x77
5882
332x

318x
5779
236x
6811
78x2
1662
3157
7373
4282
5282

3162
5x81
1917
1149
2325
6862
4536
2776
6418
4161
6919
1766
2387

115x8
6617
1521
6854
4799
1463
11379

12419
4634
8522
3323

4338x

1529
23x2
6234
5285
6x71
3741
6783
3271
1451
3379
1x32
1218

53976

3746
2269
4878
5x85
1873
3582
2155
6638
28x4
391x
5384
4865

49x5
2648
232x
1775
38x3
1137
24x5
1974
1667
5677
3687
2476
5332

2511
28x5
3x88
5437
4xxx
5283
622x
3387
1962
2868
2x84
574x
4899
5846

2x975
15672

11633
12928
17372

1x964
6326
3115
189x1

2151
6218
2619
8294
12292
12179

539x
4373
3685
2236
71x7
11917
37x1

5696
1751
6613
66x6
1288
5362
6157
6236
3649
4x23

529x
7999
1xx4x
3338
7547
7575
6369

3358
6414
2x66
2x12
3849
1421
2962
46x7
3548
6637
5759
48xx
5974

32x9
112x1
1x317
734x
1x73
1161x

5148
2x81
5577
534x
7634
4998
71x7
6923
1673

48x9
6274
414x
2993
3xx3
2973
9914
1878

319x
5792
3561
2917
44x8
1443
4373
1241
3288
57x3
4155
5764
4857
5828
4x89

739x
5924
7987
2919
4474
77xx
5457
7926
7539

5344
5739
4883
1156
5896
5991
7625
2118
3292
7562
182x

6485
78x4
6886
7436
6163
2618
3119
7144
6274
2792
76x2

4912
6x24
5984
24x8
1685
17x2
5851
2756
1341
4558
1x73
4394
6x14
1395

6662
6573
6x43
74x2
579x
6942
4171
4x43
3x77
5672
4984

1292
6545
2265
6121
2385
2229
687x
6579
1549
6x3x
3423
183x
6x27

6361
5979
6532
711x
1881
4659

9825
4176
4534
1732
4816
66x4
8182
2391

23x9
5266
5879
2463
3636
4958
63x8
2x91
2588
1841
6899
5666

9351

3824
5754
271x
3782
2784
4535
6157
1x55
3569
6498
2679
2949
3285
2519

5661

4565
8x56
1975
6947
75x8
557x
3727
3287
1794
4933
6458

6171
9991
1x533
65x3
145x

18391
9x46
17384
1894x

5583
51x2
2869
5328
2x41
4327
1656
2874
2811
5765
4568
528x
277x
1147
6x82

1512
5928
8631
3263
5569
3693
5x6x
181x
8327
29xx

21146
13775
13189

2853
1782
1461
256x
2x46
2773
2453
1218
3545
6x13
5893
1853
1926
1847
5914

15312
22899

2752
1253
1448
2627
1161
3661
3457
2992
46x6
32x6
3145
3639
2833
3687
2148

6668
3671
3484
2xxx
2149
3748
1256
3168
6889
5x46
6594

7437
5596
6744
6863
7397
5922
1897
4x42
3993
2569
25x9
6x48

1x456
7724
2668
4749

11329
5x11
4xx7
1x189
6972

4514
17x2
2925
1828
8xxx
5724
3567
119x

2949
7487
6652
1472
5965
3x71
699x
3356
5283
6487
199x

31x16

3585
6168
6826
6184
4985
62x9
729x
5732
4x58
7919
2152

18469

5945
4318
3986
3386
7x37
7149
5313
6521
8266
6665

3943x

2779
25x7
4473
1635
6487
6823
5443
7274
4722
6267
6421

8443
3747
3863
61x9
1369
86x2
4231
7x29
41x2
2876

1x13
2319
18xx
5256
9521
12x68
2116

11x32
1733
622x
7666
3891
3761
6x96

3434
4984
3662
3x7x
356x
4494
1485
346x
3851
1xx7
2615
5349
4254
5248
214x

3469
2318
4553
1x58
1122
4413
3672
6x19
1616
3557
3211
2938
439x
2685
325x

1446
5593
4857
2389
6242
2724
1425
7948
714x
7839
6895

5659
4475
5467
1742
1243
8125
2x44
3449
5796

3x12
12758
2478
111x2
2615
7856

517x
5356
1141
1513
165x
428x
2441
4572
6556
6821
3519
333x

4799
6959
1737
15x2
351x
2x89
6946
13x3
3574
6382

6579
2997
17xx
6xx6
1855
2135
1x659
2237

55371

1551
2828
349x
2x3x
5126
41x9
23x5
4994
4733
1693
3338
3996
4181
3896
1x92

1846
4756
9555
7994
8733
1489
4585
5954
6x58

48724

3x25
6315
1398
2563
2661
6414
123x
129x
1898
1493
1347
3971
4248

8315
17843
171x3

4287
2732
2284
3x36
6831
289x
7588
7268
1464
2247
13x6

448x
1267
52x9
3558
5311
2958
3x54
4265
3836
33xx
1867
1892
5756
3293

7569
9154
4238
1586
7972
9683
5373
3431
499x

9579
637x
1128
3575
5785
5x55
8228
1914
6x12

5171
381x
3x53
1775
2437
1751
5214
69x4
3496
5429
234x
5683
3428

27584
19252

23558
8432

8727
6x23
17x8
1839
6467
2494
6788
69x5
216x
238x

1x23
2142
1x754
746x
5136

4181
16x5
2243
9554
4x41
4423

38394

5137
256x
123x
7342
53xx
3x89
1281
7567
1529
3628

4x26
8121
4227
14794
7567

4344
12998
5424
2987
1x128
8362

9373
5522
2x17
1x26x
5263
34x2
7981

6772
2x92
6x24
4548
1229
2486
4733
3112
49x8
3598
5839
2922
4936

7723
2389
21xx
4448
7255
343x
28x8
4832
5848
7x24

4664
4953
44x3
3171
6125
4154
2921
35x2
729x
6371
2314
1391

4967
5243
6186
3218
2x82
4625
5827
2257
2186
5716
1x32
1796
26x9
57x4

66296

6973
4755
6328
672x
8118
2696
4449
3474
511x
5852

832x
1x41x
7618
65x4
1892
9355
2792
6286

47376

1448
1176
615x
3289
1759
5919
2579
563x
3798
62x3
49x9
5294
1471
4537

7656
12471
14457
11694
8xx7

399x
8373
1412
1462
56x1
8555
85xx
2545
892x

1312
6198
2638
1x95
52x1
4953
3x56
2526
3699
5639
4583
4737
2245

7833
5242
6384
73x9
38x5
6525
6x7x
6x74
5899
2583

65699

6154
3691
1858
5141
6915
2134
2131
5295
4x71
4552
1753
695x
39x9

2587
1337
379x
3137
615x
1698
395x
4x46
23x8
3871
1824
1533
193x
336x

1x3x5
1334x
6892

4945
6137
1x521
2418
9791
7x35
4151
5497

258x7
25417

5771
6122
4596
4x22
9682
4696
8749

1x28
687x
36x6
4626
4557
69x8
55x3
18x3
2561
2487
3368
5319

2x27
41x2
592x
3335
58x4
3829
5977
1592
2113
3771
3938
3417
255x
198x

3321
4xx2
1229
3591
3851
1384
2618
4x49
3336
2x35
1231
2126
19x1
2834
56x4

45987

3667
3442
2721
5515
9294
4897
7333
2518
4xx9

5686
2x42
113x
5463
2814
278x
1x37
549x
3188
2882
3742
4x48
32x3
1785

2x148
147x5

6293
1673
6865
2414
6552
3886
5944
6538
2569
377x
7698

1588
2x25
2x71
4336
4768
1826
2939
3x16
1529
3x92
1326
5698
5864
4837
4188

9974
3626
6637
6988
75x9
946x
7542
7164

5343
1913
12824
131x5
13538
1114

4699
4692
417x
6325
1634
4627
2721
53x9
3772
2132
1894
5x94
6416
2492

22223
15163
352x

9437
258x3

2519
7x12
2571
6251
138x
5344
6362
2465
4457
1x71
556x
1992

5522
3334
2597
2382
4118
1624
6175
4656
6525
6593
4459
1349
14x3

1443
7693
1x526
9927
9729
3172
7632

3154
6472
3815
3x55
1xx9
8458
325x
1864
6734
8458

3155
2476
6384
2x45
2773
7447
7646
1186
536x
4499
25x2

9675
89x2
12x54
94x5
8558
89x1

36x5
2465
99x6
5145
135x2
9839

92x7
7212
4778
9929
6582
968x
3349
1813

4483
15153
22152

24781
33x1x

19696

6451
5583
3639
3565
7956
4xx5
5236
3x53
2192
5485
3143

399x
1296
4262
4493
4x72
5136
45x7
4191
6636
5514
5759
6471
3567

2296
5998
6269
3935
1929
3188
5768
2547
1318
3689
1161
3894
12x6
13x4

2942
2195
5594
8418
36xx
671x
4414
7753
1672
1878

6682
9976
18511
17x26

76x6
3587
2427
9258
8752
7387
4x96
3911
62xx

4364
8277
5476
1718
353x
6895
4822
397x
3368

12691
35x2
4641
8562
8x62
5216

7316
7688
51x2
795x
4291
9711
32x2
7487

57x56

4268
173x
3617
5257
576x
3222
3497
4891
1584
2587
5954
3391
12x3
2673

15671
118x5
1242

556x
1774
2332
2x68
6859
3x12
6677
6255
1178
3695
5131
2x75
1398

831x
2657
1795
14376

427x
1931
6894
5x11
3766
1x28
14x5
3768
5249
3972
5799
47x4

4331
3682
1748
6674
4191
4711
4971
3329
5968
1971
1533
5559

4569
5xx5
4292
3541
4578
5532
4163
2555
1936
5767
1299
562x
4897
5824

235x
3735
7113
6x94
7952
5611
3634
8849
5171

7x46
1158x
172x
1574
121x3
5747
5966

1xx27
6x9x
9627
4738
9248
5177
3622
5265

4617
8158
2629
4317
87x7
1442
1944
3xx6
7283
4939

2744
3616
1211
4479
5857
6x62
5475
1369
7243
493x
5514
3919

5938
2249
181x8
6713

6x17
1815
2551
2246
5x82
3795
3673
1x83
5xx8
69x3
6492
1272
1494

535x
4727
5366
1227
6846
1355
5226
7x69
3365
4x11
2857
1696

2732
3684
58x1
3x59
1x99
59x9
4528
2645
2363
1622
3335
29x3
469x
1443

2445
494x
4878
5229
6686
5416
8x16
5249

1875
2976
3545
2571
2691
5763
4373
5126
5x78
2895
3976
1934
4212

1649
212x
28x1
1222
4478
7415
7956
25x7
3464
1512
368x

3x87
5x58
5726
4x5x
5667
17x9
497x
18x5
4369
3211
2953
1847
5848
3365
5717

18473

2897
1597x
13899

2396
2432
4315
1646
2933
37x1
3x34
6228
4978
1254
5964
4797
3712
4613

3583
4652
2589
3126
1356
3268
4372
5851
3159
2936
2568
1631
4557
4254
5537

1796
13x4
1129
3237
7542
4587
3158
3x55
5129
5981
3396

2326
2916
7617
1438
12x5
49x3
7842
6171
6x42
6x76
8xx9

6x341

1x527
3x521

1882
7475
4x92
1x469
11258
2361
675x

73x7
1x45x
2273
3998
4324
4453
56x6

146x5
8618
192x3
6177

4xx7x

13758
9814
16312
14985
8629

2x716

2344
9535
6583
1x9xx
12x41
3724

3x75
11273
9xx2
98x2
1148
9197
1xx64

25216
11228
157x9

21181
1x82x
8812

3x73
5764
82x1
4269
33x2
1795
5387
2618
7288
8388

24566

76x8
1738
3212
7x28
6321
1x87
3361
1698
5582
4314

9189
9689
7xx7
2845
1x86
9x86
1795
655x
761x

1139
4157
4135
9875
772x
8262
2666
7147
